4 0.0
5 0.0
6 0.0
7 0.0
8 0.0
9 0.0
10 0.0
11 0.0
12 0.0
13 0.0
14 0.0
15 0.0
16 0.0
17 0.0
18 0.0
19 0.0
20 0.0
21 0.0
22 0.0
23 0.0
24 0.0
25 0.0
26 0.0
27 0.0
28 0.0
29 0.0
30 0.0
31 0.0
32 0.0
33 0.0
34 0.0
35 0.0
36 0.0
37 0.0
38 0.016
39 0.0309999999999999
40 0.016
41 0.0940000000000001
42 0.25
43 0.0780000000000003
44 0.0
45 0.0149999999999997
46 0.016
47 0.016
48 0.0
49 0.0310000000000001
50 0.109
51 0.016
52 0.016
53 0.171
54 0.0470000000000002
55 0.032
56 0.0150000000000001
57 0.0469999999999997
58 0.016
59 0.093
60 0.0630000000000002
61 0.016
62 0.0310000000000001
63 0.0939999999999999
64 0.0779999999999998
65 0.0150000000000001
66 0.032
67 0.0310000000000001
68 0.0149999999999997
69 0.016
70 0.016
71 0.0310000000000001
72 0.0939999999999999
73 0.0310000000000001
74 0.0310000000000001
75 0.438
76 0.0150000000000001
77 0.0619999999999998
78 0.0470000000000002
79 0.032
80 0.093
81 0.672
82 0.266
83 0.0310000000000006
84 0.0469999999999997
85 0.0309999999999997
86 4.938
87 0.0310000000000006
89 0.0310000000000059
90 0.0939999999999941
92 0.0310000000000059
94 0.0310000000000059
95 0.281000000000006
96 0.171999999999969
100 0.0310000000000628
