4 0.0
5 0.0
6 0.0
7 0.0
8 0.0
9 0.0
10 0.0
11 0.0
12 0.0
13 0.0
14 0.0159999999996217
15 0.0
16 0.0
17 0.0159999999996217
18 0.0
19 0.0150000000012369
20 0.0159999999996217
21 0.0
22 0.0159999999996217
23 0.0149999999994179
24 0.0160000000014406
25 0.0
26 0.0
27 0.0149999999994179
28 0.0
29 0.0
30 0.0159999999996217
31 0.0
32 0.0
33 0.0
34 0.0
35 0.0159999999996217
36 0.0
37 0.0150000000012369
38 0.0
39 0.0
40 0.0159999999996217
41 0.0
42 0.0159999999996217
43 0.0310000000008586
44 0.0309999999990396
45 0.0159999999996217
46 0.0150000000012369
47 0.0159999999996217
48 0.0159999999996217
49 0.0149999999994179
50 0.0780000000013388
51 0.0159999999996217
52 0.0159999999996217
53 0.0149999999994179
54 0.0160000000014406
55 0.0149999999994179
56 0.0319999999992433
57 0.0310000000008586
58 0.0159999999996217
59 0.0310000000008586
60 0.0309999999990396
61 0.0310000000008586
62 0.0319999999992433
63 0.109000000000378
64 0.0309999999990396
65 0.0310000000008586
66 0.0319999999992433
67 0.0310000000008586
68 0.0470000000004802
69 0.0619999999998981
70 0.0630000000001019
71 0.0619999999998981
72 0.109999999998763
73 0.0319999999992433
74 0.0310000000008586
75 0.0309999999990396
76 0.0630000000001019
77 0.0310000000008586
78 0.0469999999986612
79 0.0470000000004802
80 0.218000000000757
81 0.0779999999995198
82 0.0319999999992433
83 0.0780000000013388
84 0.125
85 0.108999999998559
86 0.25
87 0.0630000000001019
88 0.0470000000004802
89 0.109000000000378
90 0.0619999999998981
91 0.140999999999622
92 0.0940000000009604
93 0.0469999999986612
94 0.0780000000013388
95 0.108999999998559
96 0.156000000000859
97 0.0939999999991414
98 0.0940000000009604
99 0.140999999999622
100 0.218000000000757
101 0.109999999998763
102 0.0930000000007567
103 0.203999999999724
104 0.21900000000096
105 0.140999999999622
106 0.0930000000007567
107 0.265999999999622
108 0.343999999999141
109 0.125
110 0.109000000000378
111 0.20299999999952
112 0.156000000000859
113 0.125
114 0.218999999999141
115 0.29700000000048
116 0.0940000000009604
117 0.0619999999998981
118 0.25
119 0.0939999999991414
120 0.20299999999952
121 0.17200000000048
122 0.17200000000048
123 0.109000000000378
124 0.281999999999243
125 0.156000000000859
126 0.171999999998661
127 0.218000000000757
128 0.25
129 0.453999999999724
130 0.0930000000007567
131 0.171999999998661
132 0.25
133 0.266000000001441
134 0.421999999998661
135 0.25
136 0.311999999999898
137 0.34400000000096
138 0.20299999999952
139 0.29700000000048
140 0.593999999999141
141 0.109999999998763
142 0.311999999999898
143 0.110000000000582
144 0.514999999999418
145 0.25
146 0.25
147 0.921999999998661
148 0.343000000000757
149 0.985000000000582
150 0.203999999999724
151 0.171000000000276
152 0.203999999999724
153 0.45299999999952
154 0.436999999999898
155 0.328000000001339
156 0.32799999999952
157 0.813000000000102
158 0.140999999999622
159 0.406000000000859
160 0.140999999999622
161 0.21900000000096
162 0.45299999999952
163 0.186999999999898
164 0.218999999999141
165 0.29700000000048
166 0.188000000000102
167 0.609000000000378
168 0.1 0.546999999998661
172 0.703000000001339
173 0.25
174 0.45299999999952
175 1.5
176 0.718999999999141
177 1.29700000000048
178 0.875
179 1.53100000000086
180 0.32799999999952
181 0.311999999999898
182 0.25
183 0.360000000000582
184 1.17199999999866
185 0.186999999999898
186 1.21900000000096
187 0.28099999999904
188 0.313000000000102
189 0.890000000001237
190 0.625
191 1.53199999999924
192 0.264999999999418
193 0.563000000000102
194 0.25
195 2.09399999999914
196 1.15600000000086
197 0.296999999998661
198 0.656000000000859
199 0.703999999999724
200 0.843000000000757
201 0.70299999999952
202 1.9380000000001
203 1.23400000000038
204 1.6880000000001
205 1.10899999999856
206 0.328000000001339
207 0.546999999998661
208 0.328000000001339
209 0.32799999999952
210 0.828999999999724
