4 0.0
5 0.0
6 0.0
7 0.0
8 0.0
9 0.0
10 0.0
11 0.0
12 0.0
13 0.0
14 0.0
15 0.0
16 0.0
17 0.0
18 0.0
19 0.0
20 0.0
21 0.0
22 0.0
23 0.0
24 0.0
25 0.0
26 0.0
27 0.0
28 0.0
29 0.0159999999999627
30 0.0309999999999491
31 0.0310000000000628
32 0.0159999999999627
33 0.0470000000000255
34 0.0149999999999864
35 0.0159999999999627
36 0.2650000000001
37 0.0
38 0.0
39 0.0
40 0.0
41 0.0159999999999627
42 0.0
43 0.0
44 0.0149999999999864
45 0.0
46 0.0160000000000764
47 0.187000000000012
48 0.0159999999999627
49 0.0
50 0.0159999999999627
51 0.0149999999999864
52 0.0160000000000764
53 0.0469999999999118
54 0.0150000000001
55 0.0319999999999254
56 0.0930000000000746
57 0.0159999999999627
58 0.0159999999999627
59 0.0149999999999864
60 0.0629999999999882
61 0.0150000000001
62 0.0159999999999627
63 0.0159999999999627
64 0.0149999999999864
65 0.0160000000000764
66 0.0159999999999627
67 0.109000000000037
68 0.0779999999999745
69 0.0779999999999745
70 0.0159999999999627
71 0.0310000000000628
72 0.0159999999999627
73 0.0310000000000628
74 0.0309999999999491
75 33.563
76 0.0310000000000628
77 0.0309999999999491
78 0.0310000000000628
79 0.3599999999999
80 0.0310000000000628
81 0.0939999999999372
82 0.0620000000000118
83 0.0320000000000391
84 0.0309999999999491
85 0.0310000000000628
86 0.0779999999999745
87 0.0310000000000628
88 0.0469999999999118
89 0.0470000000000255
90 0.0310000000000628
91 0.1099999999999
92 0.0470000000000255
93 0.0470000000000255
95 0.1099999999999
96 0.0460000000000491
97 0.0470000000000255
98 0.0470000000000255
99 0.1099999999999
100 0.0619999999998981
