4 0.0
5 0.0
6 0.0
7 0.0
8 0.0
9 0.0
10 0.0
11 0.0
12 0.0
13 0.0
14 0.0
15 0.0
16 0.0
17 0.0
18 0.0
19 0.0
20 0.0
21 0.0
22 0.0
23 0.0
24 0.0
25 0.0
26 0.0
27 0.0
28 0.0
29 0.0
30 0.0
31 0.0
32 0.0
33 0.0
34 0.0
35 0.0
36 0.0
37 0.0
38 0.0
39 0.0159999999999627
40 0.0149999999999864
41 0.0160000000000764
42 0.0159999999999627
43 0.0620000000000118
44 0.0309999999999491
45 0.0320000000000391
46 0.0309999999999491
47 0.0310000000000628
48 0.0629999999999882
49 0.0309999999999491
50 0.156000000000063
51 0.0
52 0.0159999999999627
53 0.0149999999999864
54 0.0160000000000764
55 0.0159999999999627
56 0.0149999999999864
57 0.172000000000025
58 0.0159999999999627
59 0.0470000000000255
60 0.0149999999999864
61 0.0470000000000255
62 0.0309999999999491
63 0.282000000000039
64 0.0149999999999864
65 0.0159999999999627
66 0.0150000000001
67 0.328999999999951
68 0.0149999999999864
69 0.0779999999999745
70 0.0320000000000391
71 0.734000000000037
72 0.108999999999924
73 0.0160000000000764
74 0.0159999999999627
75 0.0309999999999491
76 0.0620000000000118
77 0.0160000000000764
78 0.0159999999999627
79 4.09299999999996
80 0.0940000000000509
81 0.812999999999988
82 0.0309999999999491
83 0.0620000000000118
85 1.84299999999996
86 0.157000000000039
87 4.875
88 0.0940000000000509
89 0.390999999999963
90 0.0620000000000118
91 0.125
92 0.155999999999949
93 0.0320000000000391
94 0.155999999999949
95 0.125
96 0.109000000000037
98 0.656000000000063
99 0.0620000000000118
100 41.813
